2 -1 -1 0  -1 -1574.4 166.7
2 -1 -1 1  -1 -1898 575.9
10 -1 6 3  4 -1567.1 956.1
6 10 -1 4  4 -1830.4 894.4
3 -1 -1 5  -1 1580.06 179.45
3 -1 -1 6  -1 1798.46 612.25
9 -1 4 7  8 1665.92 841.808
4 9 -1 8  8 1799.2 796.8
1 -1 -1 9  -1 699.921 639.808
1 -1 -1 10  -1 1927.52 352.908
1 -1 -1 11  -1 1325.57 -73.3418
7 -1 7 12  -1 1668.37 54.8583
11 -1 5 13  14 934.259 387.608
12 -1 5 14  14 -912.8 -347.2
5 11 -1 15  -1 0 -700
0 -1 -1 16  -1 -1143.97 827.208
8 -1 8 17  -1 -786.267 320.308
1 -1 -1 18  -1 -1544.37 340.008
1 -1 -1 18  -1 -1245.97 -54.3332
1 -1 -1 19  -1 -930.087 658.667
